0.001 0.000000
0.002 0.000000
0.003 0.000000
0.004 0.000000
0.005 0.000000
0.006 0.000000
0.007 0.000000
0.008 0.000000
0.009 0.000000
0.010 0.000000
0.011 0.000000
0.012 0.000000
0.013 0.000000
0.014 0.000000
0.015 0.000000
0.016 0.000000
0.017 0.000000
0.018 0.000000
0.019 0.000000
0.020 0.000000
0.021 0.000000
0.022 0.000000
0.023 0.000000
0.024 0.000000
0.025 0.004630
0.026 0.004630
0.027 0.004630
0.028 0.004630
0.029 0.004630
0.030 0.004630
0.031 0.004630
0.032 0.004630
0.033 0.004630
0.034 0.004630
0.035 0.004630
0.036 0.004630
0.037 0.004630
0.038 0.004630
0.039 0.004630
0.040 0.004630
0.041 0.004630
0.042 0.004630
0.043 0.004630
0.044 0.004630
0.045 0.004630
0.046 0.009259
0.047 0.009259
0.048 0.009259
0.049 0.009259
0.050 0.009259
0.051 0.009259
0.052 0.009259
0.053 0.009259
0.054 0.009259
0.055 0.013889
0.056 0.013889
0.057 0.013889
0.058 0.013889
0.059 0.013889
0.060 0.013889
0.061 0.013889
0.062 0.013889
0.063 0.018519
0.064 0.018519
0.065 0.018519
0.066 0.023148
0.067 0.023148
0.068 0.023148
0.069 0.023148
0.070 0.023148
0.071 0.027778
0.072 0.027778
0.073 0.027778
0.074 0.027778
0.075 0.032407
0.076 0.032407
0.077 0.032407
0.078 0.037037
0.079 0.037037
0.080 0.037037
0.081 0.041667
0.082 0.041667
0.083 0.041667
0.084 0.046296
0.085 0.046296
0.086 0.046296
0.087 0.050926
0.088 0.050926
0.089 0.050926
0.090 0.055556
0.091 0.055556
0.092 0.060185
0.093 0.060185
0.094 0.060185
0.095 0.064815
0.096 0.064815
0.097 0.069444
0.098 0.069444
0.099 0.069444
0.100 0.074074
0.101 0.074074
0.102 0.078704
0.103 0.078704
0.104 0.078704
0.105 0.083333
0.106 0.087963
0.107 0.087963
0.108 0.087963
0.109 0.092593
0.110 0.092593
0.111 0.097222
0.112 0.097222
0.113 0.097222
0.114 0.101852
0.115 0.101852
0.116 0.106481
0.117 0.106481
0.118 0.111111
0.119 0.111111
0.120 0.115741
0.121 0.115741
0.122 0.115741
0.123 0.120370
0.124 0.120370
0.125 0.125000
0.126 0.125000
0.127 0.125000
0.128 0.129630
0.129 0.129630
0.130 0.134259
0.131 0.134259
0.132 0.134259
0.133 0.138889
0.134 0.138889
0.135 0.143519
0.136 0.143519
0.137 0.143519
0.138 0.148148
0.139 0.148148
0.140 0.152778
0.141 0.152778
0.142 0.152778
0.143 0.157407
0.144 0.157407
0.145 0.162037
0.146 0.162037
0.147 0.162037
0.148 0.166667
0.149 0.166667
0.150 0.171296
0.151 0.171296
0.152 0.171296
0.153 0.175926
0.154 0.175926
0.155 0.175926
0.156 0.180556
0.157 0.180556
0.158 0.180556
0.159 0.185185
0.160 0.185185
0.161 0.189815
0.162 0.189815
0.163 0.189815
0.164 0.194444
0.165 0.194444
0.166 0.194444
0.167 0.199074
0.168 0.199074
0.169 0.199074
0.170 0.203704
0.171 0.203704
0.172 0.208333
0.173 0.208333
0.174 0.208333
0.175 0.212963
0.176 0.212963
0.177 0.217593
0.178 0.217593
0.179 0.217593
0.180 0.222222
0.181 0.222222
0.182 0.226852
0.183 0.226852
0.184 0.226852
0.185 0.231481
0.186 0.231481
0.187 0.236111
0.188 0.236111
0.189 0.236111
0.190 0.240741
0.191 0.245370
0.192 0.245370
0.193 0.245370
0.194 0.250000
0.195 0.254630
0.196 0.254630
0.197 0.254630
0.198 0.259259
0.199 0.263889
0.200 0.263889
0.201 0.268519
0.202 0.268519
0.203 0.273148
0.204 0.273148
0.205 0.277778
0.206 0.277778
0.207 0.282407
0.208 0.282407
0.209 0.287037
0.210 0.291667
0.211 0.291667
0.212 0.296296
0.213 0.296296
0.214 0.300926
0.215 0.305556
0.216 0.305556
0.217 0.310185
0.218 0.314815
0.219 0.314815
0.220 0.319444
0.221 0.319444
0.222 0.324074
0.223 0.328704
0.224 0.328704
0.225 0.333333
0.226 0.337963
0.227 0.342593
0.228 0.342593
0.229 0.347222
0.230 0.351852
0.231 0.351852
0.232 0.356481
0.233 0.361111
0.234 0.365741
0.235 0.365741
0.236 0.370370
0.237 0.375000
0.238 0.375000
0.239 0.379630
0.240 0.384259
0.241 0.388889
0.242 0.388889
0.243 0.393519
0.244 0.398148
0.245 0.402778
0.246 0.402778
0.247 0.407407
0.248 0.412037
0.249 0.416667
0.250 0.421296
0.251 0.421296
0.252 0.425926
0.253 0.430556
0.254 0.430556
0.255 0.435185
0.256 0.439815
0.257 0.444444
0.258 0.449074
0.259 0.449074
0.260 0.453704
0.261 0.458333
0.262 0.458333
0.263 0.462963
0.264 0.467593
0.265 0.472222
0.266 0.476852
0.267 0.476852
0.268 0.481481
0.269 0.486111
0.270 0.490741
0.271 0.490741
0.272 0.495370
0.273 0.500000
0.274 0.504630
0.275 0.504630
0.276 0.509259
0.277 0.513889
0.278 0.513889
0.279 0.518519
0.280 0.523148
0.281 0.527778
0.282 0.532407
0.283 0.532407
0.284 0.537037
0.285 0.541667
0.286 0.541667
0.287 0.546296
0.288 0.550926
0.289 0.550926
0.290 0.555556
0.291 0.560185
0.292 0.560185
0.293 0.564815
0.294 0.569444
0.295 0.569444
0.296 0.574074
0.297 0.578704
0.298 0.583333
0.299 0.587963
0.300 0.587963
0.301 0.592593
0.302 0.597222
0.303 0.597222
0.304 0.601852
0.305 0.606481
0.306 0.606481
0.307 0.611111
0.308 0.615741
0.309 0.615741
0.310 0.620370
0.311 0.625000
0.312 0.625000
0.313 0.629630
0.314 0.634259
0.315 0.634259
0.316 0.638889
0.317 0.643519
0.318 0.643519
0.319 0.648148
0.320 0.652778
0.321 0.657407
0.322 0.657407
0.323 0.662037
0.324 0.666667
0.325 0.666667
0.326 0.671296
0.327 0.675926
0.328 0.680556
0.329 0.680556
0.330 0.685185
0.331 0.689815
0.332 0.689815
0.333 0.694444
0.334 0.699074
0.335 0.703704
0.336 0.708333
0.337 0.708333
0.338 0.712963
0.339 0.717593
0.340 0.722222
0.341 0.722222
0.342 0.726852
0.343 0.731481
0.344 0.736111
0.345 0.736111
0.346 0.740741
0.347 0.745370
0.348 0.750000
0.349 0.754630
0.350 0.754630
0.351 0.759259
0.352 0.763889
0.353 0.768519
0.354 0.773148
0.355 0.777778
0.356 0.777778
0.357 0.782407
0.358 0.787037
0.359 0.791667
0.360 0.796296
0.361 0.800926
0.362 0.805556
0.363 0.810185
0.364 0.810185
0.365 0.814815
0.366 0.819444
0.367 0.824074
0.368 0.828704
0.369 0.833333
0.370 0.837963
0.371 0.842593
0.372 0.847222
0.373 0.847222
0.374 0.851852
0.375 0.856481
0.376 0.861111
0.377 0.865741
0.378 0.870370
0.379 0.875000
0.380 0.879630
0.381 0.884259
0.382 0.888889
0.383 0.893519
0.384 0.898148
0.385 0.902778
0.386 0.907407
0.387 0.912037
0.388 0.916667
0.389 0.921296
0.390 0.925926
0.391 0.930556
0.392 0.930556
0.393 0.939815
0.394 0.939815
0.395 0.944444
0.396 0.949074
0.397 0.958333
0.398 0.958333
0.399 0.967593
0.400 0.967593
0.401 0.976852
0.402 0.976852
0.403 0.986111
0.404 0.986111
0.405 0.995370
0.406 0.995370
0.407 1.004630
0.408 1.009259
0.409 1.013889
0.410 1.013889
0.411 1.023148
0.412 1.027778
0.413 1.032407
0.414 1.037037
0.415 1.041667
0.416 1.046296
0.417 1.050926
0.418 1.055556
0.419 1.060185
0.420 1.064815
0.421 1.069444
0.422 1.074074
0.423 1.078704
0.424 1.083333
0.425 1.087963
0.426 1.092593
0.427 1.097222
0.428 1.101852
0.429 1.106481
0.430 1.111111
0.431 1.115741
0.432 1.120370
0.433 1.125000
0.434 1.129630
0.435 1.134259
0.436 1.138889
0.437 1.143519
0.438 1.148148
0.439 1.152778
0.440 1.157407
0.441 1.162037
0.442 1.166667
0.443 1.171296
0.444 1.175926
0.445 1.180556
0.446 1.185185
0.447 1.189815
0.448 1.199074
0.449 1.199074
0.450 1.208333
0.451 1.208333
0.452 1.217593
0.453 1.217593
0.454 1.226852
0.455 1.231481
0.456 1.236111
0.457 1.236111
0.458 1.245370
0.459 1.250000
0.460 1.254630
0.461 1.259259
0.462 1.263889
0.463 1.268519
0.464 1.273148
0.465 1.277778
0.466 1.282407
0.467 1.287037
0.468 1.291667
0.469 1.296296
0.470 1.300926
0.471 1.305556
0.472 1.310185
0.473 1.314815
0.474 1.319444
0.475 1.324074
0.476 1.328704
0.477 1.333333
0.478 1.337963
0.479 1.342593
0.480 1.347222
0.481 1.351852
0.482 1.356481
0.483 1.361111
0.484 1.365741
0.485 1.370370
0.486 1.375000
0.487 1.379630
0.488 1.384259
0.489 1.388889
0.490 1.393519
0.491 1.398148
0.492 1.402778
0.493 1.407407
0.494 1.412037
0.495 1.416667
0.496 1.421296
0.497 1.425926
0.498 1.430556
0.499 1.435185
0.500 1.439815
0.501 1.444444
0.502 1.449074
0.503 1.453704
0.504 1.458333
0.505 1.462963
0.506 1.467593
0.507 1.472222
0.508 1.476852
0.509 1.481481
0.510 1.486111
0.511 1.490741
0.512 1.495370
0.513 1.500000
0.514 1.504630
0.515 1.509259
0.516 1.513889
0.517 1.518519
0.518 1.523148
0.519 1.527778
0.520 1.532407
0.521 1.541667
0.522 1.541667
0.523 1.550926
0.524 1.550926
0.525 1.560185
0.526 1.564815
0.527 1.569444
0.528 1.574074
0.529 1.578704
0.530 1.583333
0.531 1.587963
0.532 1.592593
0.533 1.597222
0.534 1.601852
0.535 1.606481
0.536 1.611111
0.537 1.620370
0.538 1.625000
0.539 1.629630
0.540 1.634259
0.541 1.638889
0.542 1.643519
0.543 1.648148
0.544 1.652778
0.545 1.657407
0.546 1.662037
0.547 1.671296
0.548 1.675926
0.549 1.680556
0.550 1.685185
0.551 1.689815
0.552 1.694444
0.553 1.699074
0.554 1.708333
0.555 1.712963
0.556 1.717593
0.557 1.722222
0.558 1.726852
0.559 1.731481
0.560 1.736111
0.561 1.745370
0.562 1.750000
0.563 1.754630
0.564 1.759259
0.565 1.763889
0.566 1.768519
0.567 1.773148
0.568 1.782407
0.569 1.787037
0.570 1.791667
0.571 1.796296
0.572 1.800926
0.573 1.805556
0.574 1.810185
0.575 1.819444
0.576 1.824074
0.577 1.828704
0.578 1.833333
0.579 1.837963
0.580 1.847222
0.581 1.851852
0.582 1.856481
0.583 1.861111
0.584 1.865741
0.585 1.875000
0.586 1.879630
0.587 1.884259
0.588 1.888889
0.589 1.893519
0.590 1.898148
0.591 1.902778
0.592 1.912037
0.593 1.916667
0.594 1.921296
0.595 1.925926
0.596 1.930556
0.597 1.939815
0.598 1.944444
0.599 1.949074
0.600 1.953704
0.601 1.958333
0.602 1.967593
0.603 1.972222
0.604 1.976852
0.605 1.981481
0.606 1.986111
0.607 1.995370
0.608 2.000000
0.609 2.004630
0.610 2.009259
0.611 2.013889
0.612 2.023148
0.613 2.027778
0.614 2.032408
0.615 2.037037
0.616 2.041667
0.617 2.050926
0.618 2.055556
0.619 2.060185
0.620 2.064815
0.621 2.069444
0.622 2.078704
0.623 2.083333
0.624 2.087963
0.625 2.092592
0.626 2.097222
0.627 2.106482
0.628 2.111111
0.629 2.115741
0.630 2.120370
0.631 2.125000
0.632 2.129630
0.633 2.134259
0.634 2.143518
0.635 2.148148
0.636 2.152778
0.637 2.157408
0.638 2.162037
0.639 2.171296
0.640 2.175926
0.641 2.180556
0.642 2.185185
0.643 2.189815
0.644 2.199074
0.645 2.203704
0.646 2.208333
0.647 2.212963
0.648 2.217592
0.649 2.226852
0.650 2.231482
0.651 2.236111
0.652 2.240741
0.653 2.245370
0.654 2.254630
0.655 2.259259
0.656 2.263889
0.657 2.268518
0.658 2.273148
0.659 2.282408
0.660 2.287037
0.661 2.291667
0.662 2.296296
0.663 2.300926
0.664 2.310185
0.665 2.314815
0.666 2.319444
0.667 2.324074
0.668 2.328704
0.669 2.337963
0.670 2.342592
0.671 2.347222
0.672 2.351852
0.673 2.356482
0.674 2.365741
0.675 2.370370
0.676 2.375000
0.677 2.379630
0.678 2.384259
0.679 2.388889
0.680 2.398148
0.681 2.402778
0.682 2.407408
0.683 2.412037
0.684 2.416667
0.685 2.421296
0.686 2.430556
0.687 2.435185
0.688 2.439815
0.689 2.444444
0.690 2.453704
0.691 2.458333
0.692 2.462963
0.693 2.467592
0.694 2.472222
0.695 2.476852
0.696 2.486111
0.697 2.490741
0.698 2.495370
0.699 2.500000
0.700 2.504630
0.701 2.513889
0.702 2.518518
0.703 2.523148
0.704 2.527778
0.705 2.532408
0.706 2.541667
0.707 2.546296
0.708 2.550926
0.709 2.555556
0.710 2.560185
0.711 2.569444
0.712 2.574074
0.713 2.578704
0.714 2.583333
0.715 2.587963
0.716 2.597222
0.717 2.601852
0.718 2.606482
0.719 2.611111
0.720 2.620370
0.721 2.625000
0.722 2.629630
0.723 2.634259
0.724 2.638889
0.725 2.643518
0.726 2.652778
0.727 2.657408
0.728 2.662037
0.729 2.666667
0.730 2.675926
0.731 2.680556
0.732 2.685185
0.733 2.689815
0.734 2.694444
0.735 2.703704
0.736 2.708333
0.737 2.712963
0.738 2.717592
0.739 2.722222
0.740 2.731482
0.741 2.736111
0.742 2.740741
0.743 2.745370
0.744 2.754630
0.745 2.759259
0.746 2.763889
0.747 2.768518
0.748 2.773148
0.749 2.782408
0.750 2.787037
0.751 2.791667
0.752 2.796296
0.753 2.800926
0.754 2.810185
0.755 2.814815
0.756 2.819444
0.757 2.824074
0.758 2.828704
0.759 2.837963
0.760 2.842592
0.761 2.847222
0.762 2.851852
0.763 2.856482
0.764 2.865741
0.765 2.870370
0.766 2.875000
0.767 2.884259
0.768 2.888889
0.769 2.893518
0.770 2.898148
0.771 2.902778
0.772 2.912037
0.773 2.916667
0.774 2.921296
0.775 2.925926
0.776 2.930556
0.777 2.939815
0.778 2.944444
0.779 2.949074
0.780 2.953704
0.781 2.958333
0.782 2.967592
0.783 2.972222
0.784 2.976852
0.785 2.981482
0.786 2.990741
0.787 2.995370
0.788 3.000000
0.789 3.004630
0.790 3.013889
0.791 3.018518
0.792 3.023148
0.793 3.027778
0.794 3.032408
0.795 3.041667
0.796 3.046296
0.797 3.050926
0.798 3.055556
0.799 3.064815
0.800 3.069444
0.801 3.074074
0.802 3.078704
0.803 3.087963
0.804 3.092592
0.805 3.097222
0.806 3.101852
0.807 3.106482
0.808 3.115741
0.809 3.120370
0.810 3.125000
0.811 3.129630
0.812 3.134259
0.813 3.143518
0.814 3.148148
0.815 3.152778
0.816 3.157408
0.817 3.166667
0.818 3.171296
0.819 3.175926
0.820 3.180556
0.821 3.189815
0.822 3.194444
0.823 3.199074
0.824 3.203704
0.825 3.208333
0.826 3.217592
0.827 3.222222
0.828 3.226852
0.829 3.231482
0.830 3.236111
0.831 3.245370
0.832 3.250000
0.833 3.254630
0.834 3.259259
0.835 3.263889
0.836 3.273148
0.837 3.277778
0.838 3.282408
0.839 3.287037
0.840 3.291667
0.841 3.300926
0.842 3.305556
0.843 3.310185
0.844 3.314815
0.845 3.319444
0.846 3.328704
0.847 3.333333
0.848 3.337963
0.849 3.342592
0.850 3.347222
0.851 3.356482
0.852 3.361111
0.853 3.365741
0.854 3.370370
0.855 3.375000
0.856 3.384259
0.857 3.388889
0.858 3.393518
0.859 3.398148
0.860 3.402778
0.861 3.412037
0.862 3.416667
0.863 3.421296
0.864 3.425926
0.865 3.430556
0.866 3.435185
0.867 3.439815
0.868 3.449074
0.869 3.453704
0.870 3.458333
0.871 3.462963
0.872 3.467592
0.873 3.476852
0.874 3.481482
0.875 3.486111
0.876 3.490741
0.877 3.495370
0.878 3.500000
0.879 3.509259
0.880 3.513889
0.881 3.518518
0.882 3.523148
0.883 3.527778
0.884 3.532408
0.885 3.541667
0.886 3.546296
0.887 3.550926
0.888 3.555556
0.889 3.560185
0.890 3.569444
0.891 3.569444
0.892 3.578704
0.893 3.583333
0.894 3.587963
0.895 3.592592
0.896 3.597222
0.897 3.606482
0.898 3.611111
0.899 3.615741
0.900 3.620370
0.901 3.625000
0.902 3.629630
0.903 3.634259
0.904 3.643518
0.905 3.648148
0.906 3.652778
0.907 3.657408
0.908 3.662037
0.909 3.666667
0.910 3.675926
0.911 3.680556
0.912 3.685185
0.913 3.689815
0.914 3.694444
0.915 3.699074
0.916 3.708333
0.917 3.712963
0.918 3.717592
0.919 3.722222
0.920 3.726852
0.921 3.731482
0.922 3.736111
0.923 3.745370
0.924 3.750000
0.925 3.754630
0.926 3.759259
0.927 3.763889
0.928 3.768518
0.929 3.773148
0.930 3.782408
0.931 3.787037
0.932 3.791667
0.933 3.796296
0.934 3.800926
0.935 3.805556
0.936 3.810185
0.937 3.819444
0.938 3.824074
0.939 3.828704
0.940 3.833333
0.941 3.837963
0.942 3.842592
0.943 3.847222
0.944 3.851852
0.945 3.856482
0.946 3.865741
0.947 3.870370
0.948 3.875000
0.949 3.879630
0.950 3.884259
0.951 3.888889
0.952 3.893518
0.953 3.902778
0.954 3.902778
0.955 3.912037
0.956 3.916667
0.957 3.921296
0.958 3.925926
0.959 3.930556
0.960 3.935185
0.961 3.939815
0.962 3.944444
0.963 3.949074
0.964 3.958333
0.965 3.962963
0.966 3.967592
0.967 3.972222
0.968 3.976852
0.969 3.981482
0.970 3.986111
0.971 3.990741
0.972 3.995370
0.973 4.004630
0.974 4.009259
0.975 4.013889
0.976 4.018518
0.977 4.023148
0.978 4.027778
0.979 4.032407
0.980 4.037037
0.981 4.041667
0.982 4.050926
0.983 4.050926
0.984 4.060185
0.985 4.064815
0.986 4.069445
0.987 4.074074
0.988 4.078704
0.989 4.083333
0.990 4.087963
0.991 4.092593
0.992 4.097222
0.993 4.101852
0.994 4.106482
0.995 4.111111
0.996 4.115741
0.997 4.125000
0.998 4.125000
0.999 4.134259
1.000 4.138889
1.001 4.143518
1.002 4.148148
1.003 4.152778
1.004 4.157407
1.005 4.162037
1.006 4.166667
1.007 4.171296
1.008 4.175926
1.009 4.180555
1.010 4.185185
1.011 4.189815
1.012 4.194445
1.013 4.199074
1.014 4.208333
1.015 4.208333
1.016 4.217593
1.017 4.222222
1.018 4.226852
1.019 4.231482
1.020 4.236111
1.021 4.240741
1.022 4.245370
1.023 4.250000
1.024 4.254630
1.025 4.259259
1.026 4.263889
1.027 4.268518
1.028 4.273148
1.029 4.277778
1.030 4.282407
1.031 4.287037
1.032 4.291667
1.033 4.296296
1.034 4.300926
1.035 4.305555
1.036 4.310185
1.037 4.314815
1.038 4.319445
1.039 4.324074
1.040 4.328704
1.041 4.333333
1.042 4.337963
1.043 4.342593
1.044 4.347222
1.045 4.351852
1.046 4.356482
1.047 4.361111
1.048 4.365741
1.049 4.370370
1.050 4.375000
1.051 4.379630
1.052 4.384259
1.053 4.388889
1.054 4.393518
1.055 4.398148
1.056 4.402778
1.057 4.407407
1.058 4.412037
1.059 4.416667
1.060 4.421296
1.061 4.425926
1.062 4.430555
1.063 4.435185
1.064 4.439815
1.065 4.444445
1.066 4.449074
1.067 4.453704
1.068 4.458333
1.069 4.462963
1.070 4.467593
1.071 4.472222
1.072 4.476852
1.073 4.476852
1.074 4.486111
1.075 4.486111
1.076 4.495370
1.077 4.495370
1.078 4.500000
1.079 4.504630
1.080 4.509259
1.081 4.513889
1.082 4.518518
1.083 4.523148
1.084 4.527778
1.085 4.532407
1.086 4.537037
1.087 4.541667
1.088 4.546296
1.089 4.550926
1.090 4.555555
1.091 4.560185
1.092 4.560185
1.093 4.564815
1.094 4.569445
1.095 4.574074
1.096 4.578704
1.097 4.583333
1.098 4.587963
1.099 4.592593
1.100 4.597222
1.101 4.601852
1.102 4.606482
1.103 4.606482
1.104 4.611111
1.105 4.615741
1.106 4.620370
1.107 4.625000
1.108 4.629630
1.109 4.634259
1.110 4.638889
1.111 4.643518
1.112 4.648148
1.113 4.652778
1.114 4.652778
1.115 4.657407
1.116 4.662037
1.117 4.666667
1.118 4.671296
1.119 4.675926
1.120 4.680555
1.121 4.680555
1.122 4.689815
1.123 4.689815
1.124 4.694445
1.125 4.699074
1.126 4.703704
1.127 4.708333
1.128 4.712963
1.129 4.717593
1.130 4.717593
1.131 4.722222
1.132 4.726852
1.133 4.731482
1.134 4.736111
1.135 4.736111
1.136 4.745370
1.137 4.745370
1.138 4.750000
1.139 4.754630
1.140 4.759259
1.141 4.763889
1.142 4.763889
1.143 4.768518
1.144 4.773148
1.145 4.777778
1.146 4.782407
1.147 4.787037
1.148 4.791667
1.149 4.791667
1.150 4.796296
1.151 4.800926
1.152 4.805555
1.153 4.810185
1.154 4.810185
1.155 4.814815
1.156 4.819445
1.157 4.824074
1.158 4.828704
1.159 4.833333
1.160 4.833333
1.161 4.837963
1.162 4.842593
1.163 4.847222
1.164 4.847222
1.165 4.856482
1.166 4.856482
1.167 4.861111
1.168 4.865741
1.169 4.870370
1.170 4.875000
1.171 4.875000
1.172 4.879630
1.173 4.884259
1.174 4.888889
1.175 4.888889
1.176 4.893518
1.177 4.898148
1.178 4.902778
1.179 4.902778
1.180 4.912037
1.181 4.912037
1.182 4.916667
1.183 4.921296
1.184 4.921296
1.185 4.925926
1.186 4.930555
1.187 4.935185
1.188 4.939815
1.189 4.939815
1.190 4.944445
1.191 4.949074
1.192 4.953704
1.193 4.958333
1.194 4.958333
1.195 4.962963
1.196 4.967593
1.197 4.967593
1.198 4.972222
1.199 4.976852
1.200 4.981482
1.201 4.986111
1.202 4.986111
1.203 4.990741
1.204 4.995370
1.205 4.995370
1.206 5.000000
1.207 5.004630
1.208 5.009259
1.209 5.013889
1.210 5.013889
1.211 5.018518
1.212 5.023148
1.213 5.023148
1.214 5.027778
1.215 5.032407
1.216 5.032407
1.217 5.037037
1.218 5.041667
1.219 5.046296
1.220 5.050926
1.221 5.050926
1.222 5.055555
1.223 5.060185
1.224 5.060185
1.225 5.064815
1.226 5.069445
1.227 5.069445
1.228 5.074074
1.229 5.078704
1.230 5.078704
1.231 5.083333
1.232 5.087963
1.233 5.087963
1.234 5.092593
1.235 5.097222
1.236 5.097222
1.237 5.101852
1.238 5.106482
1.239 5.106482
1.240 5.111111
1.241 5.115741
1.242 5.120370
1.243 5.120370
1.244 5.125000
1.245 5.125000
1.246 5.129630
1.247 5.134259
1.248 5.134259
1.249 5.138889
1.250 5.143518
1.251 5.143518
1.252 5.148148
1.253 5.152778
1.254 5.152778
1.255 5.157407
1.256 5.162037
1.257 5.162037
1.258 5.166667
1.259 5.171296
1.260 5.171296
1.261 5.175926
1.262 5.180555
1.263 5.180555
1.264 5.185185
1.265 5.185185
1.266 5.189815
1.267 5.194445
1.268 5.194445
1.269 5.199074
1.270 5.199074
1.271 5.203704
1.272 5.208333
1.273 5.208333
1.274 5.212963
1.275 5.217593
1.276 5.217593
1.277 5.222222
1.278 5.222222
1.279 5.226852
1.280 5.226852
1.281 5.231482
1.282 5.236111
1.283 5.236111
1.284 5.236111
1.285 5.240741
1.286 5.245370
1.287 5.245370
1.288 5.250000
1.289 5.254630
1.290 5.254630
1.291 5.259259
1.292 5.259259
1.293 5.263889
1.294 5.263889
1.295 5.268518
1.296 5.273148
1.297 5.273148
1.298 5.273148
1.299 5.277778
1.300 5.282407
1.301 5.282407
1.302 5.287037
1.303 5.287037
1.304 5.291667
1.305 5.291667
1.306 5.296296
1.307 5.296296
1.308 5.300926
1.309 5.300926
1.310 5.305555
1.311 5.310185
1.312 5.310185
1.313 5.310185
1.314 5.314815
1.315 5.319445
1.316 5.319445
1.317 5.319445
1.318 5.324074
1.319 5.328704
1.320 5.328704
1.321 5.328704
1.322 5.333333
1.323 5.337963
1.324 5.337963
1.325 5.337963
1.326 5.342593
1.327 5.347222
1.328 5.347222
1.329 5.347222
1.330 5.351852
1.331 5.356482
1.332 5.356482
1.333 5.356482
1.334 5.361111
1.335 5.361111
1.336 5.365741
1.337 5.365741
1.338 5.370370
1.339 5.370370
1.340 5.375000
1.341 5.375000
1.342 5.379630
1.343 5.379630
1.344 5.384259
1.345 5.384259
1.346 5.384259
1.347 5.388889
1.348 5.388889
1.349 5.393518
1.350 5.393518
1.351 5.398148
1.352 5.398148
1.353 5.402778
1.354 5.402778
1.355 5.402778
1.356 5.407407
1.357 5.407407
1.358 5.412037
1.359 5.412037
1.360 5.412037
1.361 5.416667
1.362 5.416667
1.363 5.421296
1.364 5.421296
1.365 5.421296
1.366